
--- Constraint Set: gain_05 ---
Experiment           | Surv(M) | InvR/1k  | 1st_Inv | Lat(M)  | Q(inv) | MaxRes  | T(>50)   | Uniq(SA) | ReplayRat
-----------------------------------------------------------------------------------------------------------------------------
E015_Replay_b032     | 10000.0 | 0.0      | 2901.8  | 0.0     | 128.45 | 0.0     | 0.0      | 0.0      | 0.154    
E016A_wrapper        | 10000.0 | 0.2      | 13.3    | 16.0    | 947.19 | 100.0   | 953.0    | 53.6     | 0.460    
E016B_b1             | 10000.0 | 0.1      | 879.4   | 0.0     | 138.16 | 34.2    | 0.0      | 10.9     | 0.170    
E016B_b10            | 10000.0 | 0.1      | 1600.8  | 0.0     | 276.05 | 54.9    | 327.8    | 27.6     | 0.280    
E016B_b50            | 10000.0 | 0.2      | 174.1   | 0.0     | 455.49 | 81.5    | 2021.7   | 47.5     | 0.448    
E016B_b100           | 10000.0 | 0.2      | 106.2   | 0.0     | 1098.08 | 100.0   | 4003.9   | 49.0     | 0.530    
E016C_c1             | 10000.0 | 0.1      | 1856.0  | 0.0     | 44.46  | 31.4    | 0.0      | 9.0      | 0.133    
E016C_c2             | 10000.0 | 0.1      | 238.7   | 0.0     | 46.70  | 32.2    | 0.0      | 7.6      | 0.123    
E016C_c5             | 10000.0 | 0.0      | 161.2   | 0.0     | 0.00   | 31.9    | 0.0      | 8.0      | 0.115    

--- Constraint Set: gain_06 ---
Experiment           | Surv(M) | InvR/1k  | 1st_Inv | Lat(M)  | Q(inv) | MaxRes  | T(>50)   | Uniq(SA) | ReplayRat
-----------------------------------------------------------------------------------------------------------------------------
E015_Replay_b032     | 10000.0 | 0.1      | 66.2    | 0.0     | 322.37 | 0.0     | 0.0      | 0.0      | 0.172    
E016A_wrapper        | 10000.0 | 0.2      | 5.5     | 13.8    | 963.34 | 100.0   | 782.5    | 51.8     | 0.454    
E016B_b1             | 10000.0 | 0.1      | 1250.4  | 0.0     | 160.09 | 41.9    | 164.4    | 19.9     | 0.209    
E016B_b10            | 10000.0 | 0.2      | 214.2   | 0.0     | 163.80 | 71.5    | 2502.9   | 34.7     | 0.323    
E016B_b50            | 10000.0 | 0.2      | 84.0    | 0.0     | 401.87 | 98.2    | 3912.4   | 50.5     | 0.513    
E016B_b100           | 10000.0 | 0.2      | 69.7    | 0.0     | 1266.81 | 100.0   | 4237.4   | 48.5     | 0.557    
E016C_c1             | 10000.0 | 0.1      | 2.0     | 0.0     | 51.87  | 32.0    | 0.0      | 7.3      | 0.144    
E016C_c2             | 10000.0 | 0.0      | 2.2     | 0.0     | 103.93 | 32.0    | 0.0      | 7.9      | 0.141    
E016C_c5             | 10000.0 | 0.1      | 2.2     | 0.0     | 52.05  | 32.5    | 0.0      | 8.4      | 0.181    
